0.00438799
0.0373439
0.014742
0.00614009
0.0998339
9.83481e-06
0.00145332
0.682374
0.0129589
0.000165953
0.1072
5.93084e-05
0.000121959
0.306536
0.0732191
0.0320942
2.91294
0.142086
0.00832491
0.00077707
1.18351
0.00116529
9.26895e-05
0.010166
0.0334517
0.000145386
0.0141428
0.00100007
7.77871e-05
6.79495e-06
0.20766
1.77623e-05
0.0164056
0.070373
0.00238966
0.000494722
0.0221637
0.00352915
0.0103472
0.000654136
0.0143161
0.00110819
0.00415849
0.00631894
0.000447314
0.0407566
0.0842584
0.0248482
0.012068
0.324105
1.78814e-06
0.000131198
0.133019
9.42394e-05
0.227774
0.00715563
0.01958
5.6328e-05
0.00137979
0.0793478
0.00327581
0.0122261
0.891344
0.00741878
0.874037
0.00162298
0.0175105
0.00537245
0.000857423
9.65046e-05
0.0195508
0.0128131
0.15215
0.669533
0.116605
4.8579e-05
0.0125304
0.00932269
1.80865
8.34465e-07
0.0474609
0.041919
0.000523168
0.0421025
0.0678205
0.234949
0.0631996
0.000621452
1.0645
3.93391e-06
1.78814e-07
0.0689484
0.000177161
0.144947
0.00412701
0.0561951
0.000384822
3.83265e-05
6.35406e-05
0.0472281
0.040803
0.00485027
0.000149559
0.000668034
0.0173083
0.572995
0.213432
0.00599161
0.0118788
6.04409e-05
0.086078
0.388177
0.134689
0.0208704
5.12601e-06
0.00385317
0.00601835
0.285059
0.0580124
2.70609e-05
2.75377e-05
4.87622
0.0613103
0.00676525
0.244904
2.62282
0.0909822
0.00159952
0.00184754
0.0637505
1.12697
0.126858
0.006714
0.0403068
2.98024e-06
0.000315239
0.200138
0.0339495
0.00423313
0.000150871
0.00127462
0.0334553
0.0257177
0.0130728
5.96046e-08
5.29303e-05
0.00218302
0.430533
0.0536051
0.000358646
0.000922092
0.000554179
0.265871
0.00464222
8.4821e-05
0.245559
0.00299598
0.000333961
0.020165
0.251648
0.000107235
0.464105
0.000409091
0.0172448
0.00056557
0.00367027
2.68821e-05
0.0015991
0.0109928
0.00221928
0.00890856
0.000661652
0.000674415
2.11599e-05
0.0126825
0.00020518
0.000136146
0.0452857
0.055557
0.00182467
0.0374078
0.378394
0.0109096
0.129747
0.0654364
0.0182871
0.00748742
0.327701
0.469241
0.0933325
7.21219e-06
0.0942719
0.0108048
0.24962
2.38419e-07
0.000246257
0.487648
0.988512
0.000797709
0.108806
0.0637969
0.00926482
0.390361
0.000640955
0.000605409
0.0968203
0.00445822
1.00136e-05
0.0315251
0.00256659
0.00345911
2.07594
0.000888623
0.319602
2.33057e-05
6.91438e-05
0.0150348
0.00127271
0.282002
0.83911
0.00310647
0.000343143
9.89486e-05
0.00115127
0.000151884
0.206537
3.7551e-06
0.00287648
9.83481e-06
0.0135543
0.28711
-0
0.000241965
2.43786e-05
0.00195312
2.07426e-05
0.000106281
5.96046e-08
0.188549
0.000592944
2.73589e-05
0.000625866
0.00867657
0.0204392
9.97832e-05
0.000182049
5.96046e-08
5.36442e-07
0.00999295
0.000109977
2.6286e-05
0.000678113
-0
0.317943
0.000840003
0.0810302
0.000529906
1.83584e-05
0.00241493
0.000163807
0.00742029
6.09774e-05
0.0741616
8.95898e-05
1.78814e-07
0.0306619
0.589481
0.75934
0.000446479
-0
0.00103139
0.00224305
0.00206612
0.000160707
0.0124448
0.0208813
0.137553
8.18405e-05
0.000574992
0.000180976
0.275154
0.00217776
2.92063e-06
0.00304393
8.08868e-05
0.225281
6.28253e-05
0.000500208
0.00076329
1.51993e-05
0.00294104
0.00232735
0.0017689
1.4186e-05
0.162056
0.000819363
6.61614e-06
0.173075
0.000766273
0.00216474
0.00992396
0.000151825
0.222468
0.0555911
0.184987
6.74151e-05
0.124967
0.0245396
0.000710978
0.00409295
0.00766309
5.0068e-06
0.123597
0.0178411
0.00117944
0.0262081
0.0407375
0.0176168
0.302322
0.0112207
0.000913978
0.0151979
0.00107143
0.0181671
1.01328e-05
0.188809
3.87431e-06
2.31865e-05
0.0597803
0.00013716
0.694146
0.0159744
2.92063e-06
0.0511882
0.00471402
0.00148633
0.00617415
2.83722e-05
0.000107592
0.000146459
0.000473552
1.19209e-07
0.00462904
0.00290105
8.98878e-05
0.100237
9.73987e-05
0.00751469
0.147924
0.000522392
0.0138879
0.000135252
2.89683e-05
8.09464e-05
1.41264e-05
0.654508
0.0013537
0.00245604
0.000151586
0.00209151
-0
0.0248159
0.0657477
0.000331278
4.26182e-05
0.0144855
0.00470605
0.000847043
0.00976023
0.110935
0.964082
0.000500566
0.0258551
6.32425e-05
0.00494053
0.00163928
0.0178169
1.15306
0.00389493
0.021226
0.0515688
0.00186516
0.504779
1.22786e-05
0.568864
0.000383629
0.122412
0.00186486
0.0144775
0.0192685
0.0343076
5.96046e-08
0.00798196
0.000684197
0.00630581
0.0733653
0.0391347
0.000108844
0.00649896
0.696911
0.715126
1.4484e-05
0.557565
0.00349745
0.20019
0.079219
0.000398894
0.00735417
0.00422768
1.1037
3.49885e-05
0.0343491
0.0014276
0.0668701
0.00191371
0.00678901
0.0758937
0.000687537
0.21863
5.36443e-06
5.69837e-05
0.0032068
0.19105
7.9933e-05
0.017551
6.97377e-06
0.143618
0.0675735
2.38419e-06
1.56165e-05
0.00172334
0.0121407
6.04409e-05
0.00183745
0.0764147
1.85372e-05
0.000181513
6.69979e-05
0.010582
3.03392e-05
2.91471e-05
0.200359
0.0576976
0.000453575
0.00398319
0.0156859
0.0001433
0.0741049
0.231827
0.00334422
0.0131821
0.226312
-0
1.29939e-05
0.011986
0.109131
0.000919049
0.18597
0.291566
0.00206511
0.359751
0.00382157
0.168136
0.000253352
0.01171
0.0158072
0.00926849
0.00612498
0.235695
0.000177697
-0
0.0108669
4.35115e-06
1.08481e-05
2.98624e-05
0.000233439
0.0627673
0.000360435
1.06038
0.000145148
0.199284
-0
0.0783168
0.0276879
3.15905e-06
0.482306
0.636478
0.00622147
0.0104861
0.0104787
0.0437788
0.022648
0.000471703
0.00252135
9.05436e-05
4.17233e-07
0.216518
9.15569e-05
3.36176e-05
1.23978e-05
0.00117717
0.000305938
0.00151033
8.27801
0.088208
0.0363237
0.175097
0.925196
0.000267482
0.000925612
0.00129766
1.25776
0.0006335
0.0264328
0.010506
0.0418101
0.000908788
0.0472068
0.0180607
0.000567478
0.173905
1.78814e-07
0.00253378
9.60873e-05
0.000222469
0.847156
0.00276638
0.607747
0.379286
0.00310378
2.06234e-05
0.458354
0.000549766
0.000791386
0.00434399
2.83126e-05
0.0142244
0.000277379
4.62543e-05
0.118211
0.0087952
8.9407e-07
0.141014
0.00375277
0.0232564
0.359019
0.0251065
7.79659e-05
0.000845551
0.298217
0.133176
0.00080791
0.031438
0.00363246
0.000367411
0.0216473
0.00150615
0.00159462
0.0631824
1.60933e-06
0.000207148
9.05995e-06
0.0521726
0.000566106
0.000849429
0.966079
0.00304261
1.40072e-05
-0
0.399995
5.36442e-07
0.568792
1.43052e-05
0.0707808
0.00714704
0.195421
6.55651e-07
0.0364614
0.134987
1.21174
0.259551
0.00344476
0.226491
0.00019284
0.0176982
2.82741
0.0047775
1.25923
0.0033703
0.000189024
0.00240412
-0
0.00425091
0.0925955
0.000616144
0.166804
1.89079
0.0136624
0.0214158
0.000965047
1.40072e-05
8.9407e-07
0.845216
0.000617277
0.0494144
9.89442e-06
0.0968758
0.310544
0.000474685
0.0112627
1.4632
0.000926745
0.0023016
0.160549
0.00812496
7.0336e-05
3.27831e-05
0.0809762
0.13059
0.424363
0.144496
0.009318
0.00930482
0.0350915
0.0093754
0.000306534
0.0193372
1.07288e-06
0.6604
0.000125178
0.0169324
2.52131e-05
3.57634e-05
0.0322439
0.000317803
0.0450395
0.000257227
0.0018236
0.00392311
0.000267363
0.0577772
8.6192e-05
0.337701
0.0148129
0.00385167
0.000297054
2.67521
0.861764
0.000148903
0.00113611
0.0016391
0.00784642
0.000153851
0.141283
0.000486611
0.0135326
3.10649
0.319353
0.0899478
0.0077583
0.00836103
0.0839044
0.160292
0.000100141
0.000104016
0.00327347
0.000268197
3.1889e-05
1.05934
0.000940885
0.00518615
2.92063e-06
2.31865e-05
0.00173546
0.000207863
0.118809
0.00961416
4.96519e-05
0.254289
0.0374201
0.0787621
0.0313608
0.000601234
0.0160268
0.0417032
0.00236618
0.0096865
0.0106357
0.0231153
1.40691
0.000181095
3.34388e-05
0.000224019
0.0782733
0.00114936
0.106697
0.000707758
0.00096994
4.20818e-05
0.000454112
0.104212
0.000935754
6.43732e-06
0.00188522
0.25328
0.0416762
0.0117578
0.000186759
2.8551e-05
0.00160794
0.00997989
2.72993e-05
0.00030868
6.55651e-07
0.0109935
4.42276e-05
0.00253725
8.28508e-06
0.00582631
0.0196445
0.0990091
0.00414861
0.137052
0.000248821
0.108472
0.00407302
0.000406169
0.0394609
0.0134715
0.288449
0.000204644
4.39296e-05
0.00393957
0.0036915
1.46628e-05
0.0205697
0.0105616
0.000970954
0.00263274
0.0478319
0.000142823
0.000394541
0.0412593
0.437404
0.0843132
5.31688e-05
0.0900424
0.000554477
0.000537301
0.0937874
0.000122257
0.0838138
1.32991
0.0017904
0.00654888
0.129692
8.32115e-05
0.0179552
0.0894734
0.0102066
0.0728466
0.00336138
0.0071863
0.00144837
0.00116458
0.0792842
0.130702
0.000390367
0.0239462
6.73555e-05
0.00237024
0.112653
2.32458e-06
0.52325
0.00495108
0.00106344
0.0753573
0.0337203
0.0107488
0.00332586
0.000659803
0.0262156
0.00195718
0.428425
0.125553
0.205387
0.055146
0.0783727
0.0117658
9.05995e-06
0.0185613
0.000149559
0.266145
0.00503668
0.323211
0.567567
0.00692981
0.0118482
0.483514
0.0128089
0.0345711
0.000563601
0.173352
0.0104162
0.224045
0.164828
0.00579088
3.79093e-05
0.0052426
0.0457228
0.000922867
0.0787838
0.0616079
0.000821332
0.0935449
0.0120665
1.7059
0.00111863
0.0331214
0.00169146
14.211
0.00055227
0.000522392
0.0236892
0.135754
0.0709965
0.00378561
0.00111302
0.224289
0.012146
0.0545383
0.000828908
0.0133813
0.0154351
1.23978e-05
0.122524
0.0065406
0.000185328
0.000105923
0.112364
0.677319
0.000338612
0.0158945
1.66893e-06
0.00274241
0.0147015
0.00105836
0.0154066
0.00013704
7.14685e-05
3.42733e-05
0.00517405
9.58489e-05
0.00311436
1.01328e-05
0.00295611
0.0178303
0.0474376
0.311023
6.60441e-05
0.276997
0.495421
0.00202921
4.29154e-06
3.59422e-05
0.201025
0.000210427
7.03337e-06
0.196856
0.703733
0.111051
0.00176669
0.00191622
8.28508e-06
5.17401
0.000186401
0.0119493
9.53675e-07
0.000348032
0.0129015
0.334246
4.17233e-07
5.12017e-05
1.26959e-05
0.00877969
4.11273e-06
0.651196
1.35812
0.186545
0.000280002
0.000880629
0.00601745
4.29154e-06
0.01789
7.3376e-05
0.000168755
