0 0.768349 0.671875 0.077982 0.079327
0 0.413991 0.681490 0.061927 0.069712
2 0.404817 0.561298 0.034404 0.031250
2 0.488532 0.407452 0.032110 0.026442
2 0.487385 0.466346 0.034404 0.024038
2 0.490826 0.560096 0.027523 0.019231
2 0.491972 0.305288 0.029817 0.019231
2 0.490826 0.268029 0.032110 0.021635
2 0.409404 0.207933 0.029817 0.021635
2 0.495413 0.169471 0.027523 0.021635
2 0.691514 0.165865 0.029817 0.019231
2 0.605505 0.218750 0.032110 0.019231
2 0.688073 0.265625 0.027523 0.016827
2 0.689220 0.301683 0.029817 0.021635
2 0.686927 0.406250 0.029817 0.024038
2 0.686927 0.462740 0.029817 0.021635
2 0.689220 0.556490 0.025229 0.016827
2 0.763761 0.548077 0.036697 0.019231
2 0.198394 0.557692 0.025229 0.019231
2 0.196101 0.462740 0.029817 0.021635
2 0.194954 0.406250 0.032110 0.019231
2 0.199541 0.300481 0.027523 0.019231
2 0.197248 0.266827 0.027523 0.019231
2 0.113532 0.219952 0.029817 0.021635
2 0.200688 0.167067 0.025229 0.021635
4 0.114679 0.062500 0.022936 0.028846
4 0.407110 0.056490 0.029817 0.031250
4 0.607798 0.057692 0.027523 0.028846
4 0.280963 0.670673 0.029817 0.033654
8 0.282110 0.593750 0.022936 0.028846
8 0.116972 0.150240 0.027523 0.031250
8 0.408257 0.149038 0.027523 0.028846
8 0.607798 0.150240 0.027523 0.031250
3 0.197248 0.221154 0.032110 0.057692
3 0.200688 0.359375 0.029817 0.060096
3 0.198394 0.518029 0.029817 0.055288
3 0.491972 0.519231 0.034404 0.052885
3 0.495413 0.361779 0.032110 0.060096
3 0.489679 0.221154 0.029817 0.057692
3 0.688073 0.219952 0.032110 0.060096
3 0.691514 0.359375 0.029817 0.055288
3 0.688073 0.516827 0.027523 0.052885
