2 0.076563 0.080165 0.040625 0.044628
2 0.348438 0.084298 0.034375 0.042975
2 0.075781 0.242149 0.035937 0.044628
2 0.348438 0.256198 0.037500 0.042975
2 0.644531 0.205785 0.035937 0.041322
2 0.644531 0.081818 0.039062 0.041322
2 0.712500 0.146281 0.040625 0.038017
2 0.868750 0.145455 0.043750 0.039669
2 0.140625 0.290909 0.040625 0.033058
2 0.295312 0.291736 0.040625 0.034711
2 0.346875 0.332231 0.034375 0.046281
2 0.078125 0.328926 0.040625 0.042975
2 0.075781 0.622314 0.039062 0.041322
2 0.350781 0.623140 0.039062 0.046281
2 0.117188 0.741322 0.040625 0.047934
2 0.310937 0.739669 0.037500 0.044628
2 0.394531 0.742149 0.039062 0.049587
2 0.036719 0.742149 0.039062 0.042975
2 0.603906 0.742975 0.042188 0.041322
2 0.680469 0.739669 0.035937 0.047934
2 0.876563 0.739669 0.037500 0.041322
2 0.955469 0.740496 0.039062 0.042975
2 0.643750 0.626446 0.043750 0.042975
2 0.918750 0.624793 0.046875 0.046281
2 0.914844 0.203306 0.039062 0.042975
2 0.917188 0.079339 0.034375 0.042975
3 0.212500 0.806612 0.046875 0.039669
3 0.395313 0.825620 0.040625 0.047934
3 0.603906 0.823140 0.045312 0.046281
3 0.788281 0.807438 0.045312 0.038017
3 0.957031 0.822314 0.045312 0.051240
3 0.644531 0.540496 0.042188 0.046281
3 0.915625 0.538017 0.037500 0.044628
3 0.646094 0.327273 0.042188 0.042975
3 0.914844 0.323967 0.039062 0.039669
3 0.793750 0.147934 0.050000 0.038017
3 0.075781 0.540496 0.039062 0.042975
3 0.346875 0.539669 0.037500 0.044628
3 0.222656 0.291736 0.045312 0.038017
3 0.075781 0.166942 0.039062 0.042975
3 0.348438 0.167769 0.034375 0.041322
1 0.078125 0.447934 0.068750 0.109091
1 0.355469 0.443802 0.064062 0.104132
1 0.647656 0.443802 0.060937 0.104132
1 0.920312 0.443802 0.059375 0.107438
4 0.040625 0.895041 0.031250 0.031405
4 0.400000 0.892562 0.031250 0.033058
4 0.609375 0.892562 0.028125 0.033058
4 0.960938 0.895041 0.028125 0.034711
