8 0.034043 0.605721 0.017021 0.022388
8 0.139362 0.472637 0.014894 0.019900
8 0.254255 0.603234 0.014894 0.017413
8 0.336170 0.472637 0.017021 0.019900
8 0.470213 0.603234 0.017021 0.017413
8 0.540426 0.472637 0.017021 0.019900
8 0.625532 0.603234 0.017021 0.017413
8 0.794681 0.472637 0.014894 0.019900
2 0.622340 0.646766 0.019149 0.029851
2 0.743617 0.646766 0.027660 0.044776
2 0.803191 0.410448 0.027660 0.049751
2 0.674468 0.415423 0.021277 0.034826
2 0.421277 0.414179 0.021277 0.032338
2 0.547872 0.411692 0.027660 0.042289
2 0.462766 0.652985 0.031915 0.047264
2 0.247872 0.655473 0.027660 0.047264
2 0.343617 0.410448 0.027660 0.044776
2 0.217021 0.412935 0.021277 0.034826
2 0.152128 0.646766 0.027660 0.044776
2 0.030851 0.645522 0.019149 0.027363
2 0.020213 0.414179 0.019149 0.032338
2 0.150000 0.414179 0.027660 0.047264
2 0.076596 0.159204 0.017021 0.024876
2 0.271277 0.159204 0.019149 0.024876
2 0.478723 0.159204 0.021277 0.029851
4 0.732979 0.079602 0.027660 0.044776
4 0.479787 0.078358 0.027660 0.042289
2 0.731915 0.161692 0.021277 0.029851
4 0.273404 0.079602 0.031915 0.044776
4 0.078723 0.077114 0.025532 0.039801
3 0.078723 0.245025 0.046809 0.082090
3 0.273404 0.243781 0.048936 0.079602
3 0.478723 0.243781 0.046809 0.079602
3 0.732979 0.242537 0.048936 0.082090
3 0.685106 0.815920 0.046809 0.079602
3 0.095745 0.814677 0.046809 0.082090
3 0.361702 0.738806 0.068085 0.054726
4 0.096809 0.965174 0.023404 0.039801
4 0.686170 0.962687 0.023404 0.039801
