5 0.394081 0.511765 0.032191 0.038655
5 0.089823 0.173109 0.032191 0.033613
1 0.090862 0.108403 0.023884 0.055462
0 0.282970 0.268067 0.040498 0.052101
3 0.191070 0.357983 0.026999 0.033613
4 0.259605 0.360504 0.016615 0.035294
4 0.240914 0.093277 0.018692 0.028571
4 0.354102 0.088235 0.024922 0.028571
4 0.424714 0.078151 0.016615 0.025210
4 0.514019 0.185714 0.018692 0.035294
8 0.425753 0.184034 0.012461 0.018487
8 0.344237 0.188235 0.013499 0.020168
8 0.244548 0.184874 0.013499 0.020168
3 0.389927 0.304202 0.021807 0.053782
2 0.387331 0.402521 0.031153 0.042017
