4 0.197917 0.130019 0.017628 0.019120
4 0.279647 0.132887 0.020833 0.021033
4 0.362981 0.131931 0.017628 0.022945
4 0.439904 0.131931 0.017628 0.019120
4 0.517628 0.132887 0.019231 0.021033
4 0.598558 0.132887 0.024038 0.021033
4 0.193910 0.918738 0.019231 0.021033
4 0.261218 0.919694 0.022436 0.019120
4 0.342949 0.919694 0.019231 0.022945
4 0.424679 0.918738 0.025641 0.024857
4 0.508814 0.919694 0.020833 0.022945
4 0.592147 0.920650 0.024038 0.021033
4 0.903045 0.793499 0.014423 0.015296
4 0.877404 0.732314 0.017628 0.022945
4 0.876603 0.667304 0.016026 0.019120
4 0.875801 0.476099 0.014423 0.019120
4 0.876603 0.418738 0.016026 0.019120
4 0.904647 0.357553 0.014423 0.022945
0 0.265224 0.524857 0.072115 0.082218
0 0.455128 0.524857 0.070513 0.078394
8 0.439904 0.744742 0.011218 0.013384
8 0.523237 0.743786 0.014423 0.015296
8 0.608974 0.744742 0.012821 0.013384
8 0.358974 0.743786 0.012821 0.011472
8 0.344551 0.725621 0.012821 0.013384
8 0.278045 0.743786 0.011218 0.011472
8 0.209936 0.743786 0.012821 0.015296
8 0.181891 0.305927 0.011218 0.011472
8 0.262821 0.306883 0.009615 0.013384
8 0.278846 0.326004 0.012821 0.013384
8 0.346154 0.305927 0.009615 0.011472
8 0.362981 0.324092 0.011218 0.013384
8 0.423878 0.306883 0.011218 0.013384
8 0.471955 0.324092 0.011218 0.013384
2 0.197115 0.168260 0.022436 0.030593
2 0.181891 0.282027 0.020833 0.024857
2 0.213141 0.281071 0.022436 0.026769
2 0.262821 0.281071 0.022436 0.026769
2 0.293269 0.281071 0.019231 0.026769
2 0.277244 0.166348 0.022436 0.026769
2 0.362179 0.166348 0.025641 0.026769
2 0.347756 0.281071 0.022436 0.026769
2 0.380609 0.282027 0.020833 0.024857
2 0.424679 0.281071 0.025641 0.022945
2 0.455929 0.282983 0.020833 0.022945
2 0.439904 0.166348 0.024038 0.026769
2 0.517628 0.168260 0.022436 0.030593
2 0.503205 0.282983 0.019231 0.022945
2 0.532853 0.282027 0.020833 0.021033
2 0.246795 0.347992 0.019231 0.019120
2 0.276442 0.347992 0.020833 0.019120
2 0.330929 0.348948 0.017628 0.021033
2 0.361378 0.348948 0.020833 0.021033
2 0.438301 0.348948 0.020833 0.021033
2 0.470353 0.348948 0.020833 0.021033
2 0.263622 0.456023 0.020833 0.024857
2 0.456731 0.456023 0.025641 0.024857
2 0.247596 0.587954 0.024038 0.021033
2 0.232372 0.695985 0.016026 0.022945
2 0.262019 0.695029 0.020833 0.021033
2 0.343750 0.698853 0.024038 0.024857
2 0.376603 0.699809 0.019231 0.022945
2 0.424679 0.695029 0.019231 0.021033
2 0.455128 0.695985 0.019231 0.022945
2 0.439904 0.586042 0.020833 0.021033
2 0.178686 0.767686 0.017628 0.024857
2 0.209135 0.768642 0.017628 0.022945
2 0.245994 0.767686 0.017628 0.021033
2 0.278045 0.767686 0.020833 0.021033
2 0.196314 0.881453 0.020833 0.022945
2 0.262821 0.880497 0.022436 0.024857
2 0.327724 0.768642 0.017628 0.022945
2 0.358173 0.768642 0.017628 0.022945
2 0.345353 0.880497 0.020833 0.024857
2 0.407051 0.767686 0.016026 0.021033
2 0.439103 0.768642 0.019231 0.022945
2 0.427083 0.880497 0.020833 0.024857
2 0.491186 0.767686 0.020833 0.021033
2 0.522436 0.768642 0.019231 0.022945
2 0.509615 0.880497 0.019231 0.021033
2 0.576923 0.767686 0.019231 0.021033
2 0.608173 0.768642 0.020833 0.022945
2 0.595353 0.880497 0.020833 0.024857
2 0.597756 0.168260 0.016026 0.022945
2 0.586538 0.282027 0.019231 0.024857
2 0.616987 0.282027 0.019231 0.021033
2 0.513622 0.543977 0.020833 0.021033
2 0.603365 0.542065 0.020833 0.021033
2 0.512821 0.608031 0.025641 0.026769
2 0.602564 0.607075 0.022436 0.024857
2 0.750000 0.357553 0.022436 0.022945
2 0.840545 0.356597 0.024038 0.024857
2 0.750000 0.419694 0.022436 0.024857
2 0.840545 0.419694 0.020833 0.024857
2 0.751603 0.476099 0.025641 0.030593
2 0.842147 0.476099 0.024038 0.026769
2 0.751603 0.553537 0.025641 0.024857
2 0.753205 0.590822 0.025641 0.022945
2 0.751603 0.668260 0.022436 0.024857
2 0.840545 0.668260 0.024038 0.024857
2 0.749199 0.730402 0.024038 0.026769
2 0.839744 0.733270 0.022436 0.024857
2 0.750000 0.795411 0.025641 0.026769
2 0.840545 0.792543 0.024038 0.028681
3 0.196314 0.827916 0.020833 0.026769
3 0.264423 0.827916 0.022436 0.030593
3 0.343750 0.827916 0.024038 0.026769
3 0.426282 0.827916 0.019231 0.026769
3 0.510417 0.830784 0.020833 0.028681
3 0.596154 0.831740 0.022436 0.030593
3 0.793269 0.795411 0.022436 0.026769
3 0.792468 0.731358 0.024038 0.024857
3 0.794872 0.667304 0.025641 0.026769
3 0.794071 0.552581 0.024038 0.022945
3 0.793269 0.477055 0.025641 0.024857
3 0.794071 0.356597 0.027244 0.021033
3 0.791667 0.419694 0.025641 0.021033
3 0.558494 0.543977 0.024038 0.024857
3 0.558494 0.608031 0.024038 0.026769
3 0.598558 0.218929 0.020833 0.024857
3 0.197115 0.220841 0.022436 0.028681
3 0.277244 0.221797 0.022436 0.026769
3 0.359776 0.221797 0.020833 0.030593
3 0.439103 0.221797 0.022436 0.026769
3 0.515224 0.221797 0.020833 0.026769
3 0.265224 0.403442 0.020833 0.030593
3 0.359776 0.400574 0.020833 0.028681
3 0.456731 0.400574 0.019231 0.024857
3 0.249199 0.639579 0.020833 0.024857
3 0.440705 0.640535 0.022436 0.026769
3 0.346154 0.644359 0.019231 0.026769
1 0.878205 0.793499 0.032051 0.030593
1 0.878205 0.355641 0.032051 0.026769
8 0.501603 0.306883 0.012821 0.013384
8 0.584135 0.306883 0.008013 0.013384
8 0.440705 0.606119 0.009615 0.011472
