4 0.390224 0.303059 0.020833 0.028681
4 0.410256 0.400574 0.019231 0.024857
4 0.778846 0.395793 0.022436 0.022945
4 0.742788 0.278203 0.020833 0.024857
4 0.641026 0.536329 0.016026 0.021033
4 0.273237 0.539197 0.020833 0.019120
1 0.335737 0.499044 0.030449 0.057361
1 0.704327 0.503824 0.040064 0.074570
0 0.491987 0.514340 0.073718 0.080306
0 0.123397 0.520076 0.073718 0.080306
8 0.219551 0.449331 0.012821 0.019120
8 0.186699 0.416826 0.014423 0.019120
8 0.219551 0.416826 0.016026 0.019120
8 0.186699 0.303059 0.014423 0.021033
8 0.221154 0.303059 0.016026 0.021033
8 0.186699 0.226577 0.014423 0.021033
8 0.123397 0.415870 0.016026 0.017208
8 0.493590 0.411090 0.016026 0.019120
8 0.553686 0.411090 0.014423 0.019120
8 0.587340 0.412046 0.014423 0.021033
8 0.588942 0.442639 0.011218 0.017208
8 0.552885 0.294455 0.012821 0.019120
8 0.588942 0.297323 0.017628 0.017208
8 0.555288 0.219885 0.014423 0.019120
