0 0.278846 0.523901 0.073718 0.084130
2 0.401442 0.542065 0.024038 0.024857
2 0.492788 0.542065 0.024038 0.024857
2 0.261218 0.588910 0.022436 0.026769
2 0.259615 0.695029 0.022436 0.028681
2 0.209936 0.765774 0.022436 0.024857
2 0.278045 0.766730 0.020833 0.022945
2 0.347756 0.766730 0.022436 0.022945
2 0.407853 0.766730 0.020833 0.022945
2 0.209936 0.876673 0.019231 0.024857
2 0.279647 0.876673 0.020833 0.024857
2 0.347756 0.876673 0.022436 0.024857
2 0.407853 0.876673 0.017628 0.024857
2 0.529647 0.326960 0.017628 0.022945
2 0.528846 0.443595 0.022436 0.022945
2 0.650641 0.420650 0.025641 0.026769
2 0.740385 0.418738 0.022436 0.022945
2 0.650641 0.476099 0.025641 0.022945
2 0.741186 0.477055 0.024038 0.021033
2 0.649840 0.554493 0.024038 0.022945
2 0.650641 0.588910 0.025641 0.022945
2 0.649840 0.667304 0.024038 0.022945
2 0.740385 0.667304 0.022436 0.022945
2 0.649840 0.732314 0.024038 0.022945
2 0.740385 0.732314 0.022436 0.022945
4 0.775641 0.731358 0.019231 0.024857
4 0.775641 0.666348 0.019231 0.024857
4 0.777244 0.418738 0.016026 0.019120
4 0.777244 0.474187 0.016026 0.019120
4 0.530449 0.289675 0.019231 0.024857
4 0.209135 0.913002 0.017628 0.021033
4 0.278045 0.915870 0.017628 0.019120
4 0.345353 0.915870 0.020833 0.022945
4 0.407051 0.914914 0.016026 0.021033
3 0.209936 0.823136 0.019231 0.028681
3 0.279647 0.825048 0.024038 0.032505
3 0.347756 0.826004 0.025641 0.030593
3 0.409455 0.825048 0.020833 0.032505
3 0.262019 0.641491 0.024038 0.028681
3 0.447115 0.543021 0.025641 0.026769
3 0.530449 0.381453 0.019231 0.024857
3 0.694712 0.421606 0.027244 0.024857
3 0.694712 0.478011 0.027244 0.026769
3 0.693910 0.556405 0.025641 0.022945
3 0.693109 0.668260 0.027244 0.021033
3 0.694712 0.734226 0.027244 0.026769
8 0.348558 0.541109 0.011218 0.011472
8 0.528045 0.542065 0.011218 0.013384
