3 0.278045 0.392925 0.024038 0.032505
3 0.447917 0.543977 0.030449 0.028681
3 0.262821 0.639579 0.028846 0.032505
3 0.211538 0.825048 0.025641 0.032505
3 0.278846 0.824092 0.028846 0.030593
3 0.346955 0.824092 0.024038 0.030593
3 0.410256 0.824092 0.022436 0.030593
3 0.693910 0.733270 0.028846 0.024857
3 0.693109 0.666348 0.024038 0.024857
3 0.694712 0.556405 0.030449 0.030593
3 0.694712 0.475143 0.027244 0.028681
3 0.693910 0.420650 0.028846 0.030593
2 0.739583 0.420650 0.024038 0.022945
2 0.651442 0.418738 0.024038 0.022945
2 0.651442 0.474187 0.024038 0.030593
2 0.741186 0.478011 0.020833 0.026769
2 0.649038 0.553537 0.025641 0.024857
2 0.651442 0.589866 0.027244 0.024857
2 0.651442 0.669216 0.027244 0.026769
2 0.741186 0.665392 0.027244 0.026769
2 0.650641 0.730402 0.025641 0.026769
2 0.740385 0.733270 0.022436 0.024857
2 0.209135 0.767686 0.020833 0.024857
2 0.278045 0.765774 0.020833 0.028681
2 0.345353 0.766730 0.020833 0.030593
2 0.406250 0.767686 0.024038 0.028681
2 0.210737 0.876673 0.024038 0.028681
2 0.277244 0.878585 0.028846 0.024857
2 0.348558 0.875717 0.020833 0.026769
2 0.409455 0.876673 0.017628 0.024857
2 0.259615 0.694073 0.016026 0.026769
2 0.262019 0.586998 0.024038 0.026769
2 0.402244 0.542065 0.025641 0.028681
2 0.493590 0.540153 0.022436 0.028681
2 0.277244 0.455067 0.022436 0.022945
2 0.278846 0.337476 0.019231 0.028681
0 0.278846 0.526769 0.070513 0.082218
4 0.278045 0.300191 0.017628 0.022945
4 0.208333 0.914914 0.016026 0.017208
4 0.278045 0.913002 0.014423 0.017208
4 0.346955 0.914914 0.017628 0.017208
4 0.407853 0.914914 0.017628 0.017208
4 0.776442 0.731358 0.017628 0.021033
4 0.776442 0.667304 0.014423 0.019120
4 0.777244 0.477055 0.016026 0.021033
4 0.776442 0.419694 0.014423 0.021033
