1 0.359589 0.432895 0.084475 0.139474
1 0.655251 0.434211 0.086758 0.147368
4 0.361872 0.060526 0.020548 0.036842
4 0.655251 0.056579 0.018265 0.034211
3 0.358447 0.111842 0.027397 0.039474
3 0.500000 0.256579 0.036530 0.028947
3 0.651826 0.113158 0.025114 0.042105
3 0.358447 0.551316 0.022831 0.039474
3 0.652968 0.550000 0.022831 0.042105
3 0.060502 0.706579 0.025114 0.039474
3 0.174658 0.706579 0.025114 0.039474
3 0.287671 0.706579 0.027397 0.039474
3 0.396119 0.702632 0.025114 0.036842
3 0.565068 0.815789 0.025114 0.042105
3 0.639269 0.702632 0.027397 0.036842
3 0.737443 0.705263 0.027397 0.036842
3 0.835616 0.703947 0.027397 0.039474
3 0.937215 0.705263 0.025114 0.036842
2 0.061644 0.806579 0.027397 0.039474
2 0.175799 0.807895 0.027397 0.036842
2 0.287671 0.805263 0.027397 0.036842
2 0.394977 0.805263 0.027397 0.036842
2 0.636986 0.801316 0.027397 0.039474
2 0.736301 0.806579 0.025114 0.039474
2 0.834475 0.807895 0.025114 0.036842
2 0.939498 0.807895 0.025114 0.036842
2 0.487443 0.718421 0.029680 0.036842
2 0.565068 0.715789 0.029680 0.036842
2 0.358447 0.614474 0.027397 0.034211
2 0.652968 0.614474 0.027397 0.034211
2 0.359589 0.315789 0.025114 0.042105
2 0.654110 0.317105 0.029680 0.044737
2 0.408676 0.255263 0.022831 0.031579
2 0.589041 0.256579 0.031963 0.028947
2 0.359589 0.213158 0.029680 0.036842
2 0.652968 0.213158 0.027397 0.036842
4 0.065068 0.865789 0.020548 0.031579
4 0.179224 0.867105 0.025114 0.034211
4 0.291096 0.867105 0.020548 0.034211
4 0.397260 0.865789 0.022831 0.031579
4 0.641553 0.864474 0.022831 0.028947
4 0.740868 0.867105 0.020548 0.034211
4 0.837900 0.869737 0.027397 0.028947
4 0.940639 0.869737 0.022831 0.034211
