8 0.177502 0.314910 0.011121 0.017995
8 0.211719 0.345758 0.009410 0.017995
8 0.278015 0.314910 0.010265 0.015424
8 0.366125 0.343830 0.008554 0.016710
8 0.455518 0.314910 0.009410 0.017995
8 0.533790 0.343830 0.010265 0.016710
8 0.611634 0.314910 0.008554 0.017995
8 0.654833 0.314267 0.007699 0.016710
8 0.711292 0.314910 0.009410 0.015424
8 0.754919 0.314910 0.009410 0.015424
2 0.078272 0.217866 0.012831 0.019280
2 0.121899 0.231362 0.011121 0.017995
2 0.156116 0.172879 0.011121 0.016710
2 0.133447 0.278278 0.011976 0.016710
2 0.177502 0.276350 0.011121 0.015424
2 0.233105 0.276992 0.011121 0.019280
2 0.221557 0.232648 0.010265 0.015424
2 0.255774 0.173522 0.010265 0.015424
2 0.277588 0.276992 0.011121 0.016710
2 0.210864 0.367609 0.011121 0.015424
2 0.255346 0.366967 0.011121 0.016710
2 0.233961 0.471080 0.011121 0.016710
8 0.378101 0.315553 0.008554 0.016710
8 0.511121 0.314267 0.009410 0.016710
2 0.488879 0.172237 0.012831 0.017995
2 0.455518 0.231362 0.011121 0.015424
2 0.467066 0.276992 0.010265 0.016710
2 0.510265 0.276350 0.011121 0.017995
2 0.555175 0.232648 0.011976 0.017995
2 0.566724 0.276992 0.009410 0.016710
2 0.610778 0.278278 0.010265 0.019280
2 0.588965 0.171594 0.011121 0.014139
2 0.322070 0.232648 0.011121 0.015424
2 0.355432 0.171594 0.011121 0.014139
2 0.332763 0.276992 0.010265 0.014139
2 0.377673 0.277635 0.011121 0.017995
2 0.655261 0.233290 0.010265 0.016710
2 0.666382 0.276350 0.010265 0.015424
2 0.710864 0.276992 0.010265 0.016710
2 0.688623 0.172237 0.010265 0.015424
2 0.755346 0.217866 0.011976 0.016710
2 0.383661 0.389460 0.011121 0.017995
2 0.439692 0.388175 0.011976 0.015424
2 0.533362 0.366967 0.011121 0.016710
2 0.576989 0.366324 0.011121 0.015424
2 0.555603 0.470437 0.011121 0.015424
2 0.233533 0.635604 0.011976 0.016710
2 0.233961 0.710154 0.011121 0.019280
2 0.372113 0.763496 0.013687 0.020566
2 0.427716 0.763496 0.011976 0.020566
2 0.044910 0.798201 0.011121 0.015424
2 0.044482 0.874036 0.011976 0.017995
2 0.111634 0.874036 0.012831 0.020566
2 0.111206 0.798201 0.013687 0.017995
2 0.177074 0.799486 0.013687 0.015424
2 0.177930 0.875321 0.011976 0.023136
2 0.243798 0.798843 0.013687 0.016710
2 0.311377 0.798843 0.011976 0.016710
2 0.310950 0.874036 0.012831 0.017995
2 0.455090 0.798843 0.011976 0.016710
2 0.455090 0.874036 0.011976 0.015424
2 0.521814 0.873393 0.013687 0.019280
2 0.522241 0.798201 0.012831 0.017995
2 0.588537 0.798201 0.013687 0.015424
2 0.588537 0.872751 0.013687 0.017995
2 0.656116 0.798843 0.011976 0.016710
2 0.721557 0.799486 0.012831 0.017995
2 0.721985 0.874036 0.011976 0.017995
2 0.555175 0.634319 0.011976 0.016710
2 0.555603 0.710154 0.012831 0.019280
2 0.777588 0.620180 0.011976 0.016710
2 0.778015 0.695373 0.011121 0.017995
2 0.777588 0.500000 0.011976 0.015424
2 0.778443 0.426093 0.011976 0.016710
2 0.872541 0.269923 0.011976 0.017995
2 0.872541 0.374679 0.011976 0.019280
2 0.928144 0.372108 0.011976 0.019280
2 0.872541 0.447943 0.013687 0.016710
2 0.928571 0.447943 0.012831 0.016710
2 0.833618 0.529563 0.012831 0.017995
2 0.833618 0.603470 0.012831 0.019280
2 0.873396 0.671594 0.013687 0.019280
2 0.928571 0.671594 0.012831 0.019280
2 0.872541 0.747429 0.013687 0.021851
2 0.928571 0.745501 0.011121 0.017995
2 0.872113 0.836761 0.012831 0.017995
0 0.242943 0.528278 0.063302 0.077121
0 0.565868 0.529563 0.065868 0.079692
8 0.556031 0.597044 0.011976 0.019280
0 0.077844 0.109897 0.034217 0.047558
0 0.754919 0.109254 0.035073 0.043702
5 0.788708 0.127249 0.025663 0.033419
5 0.938837 0.313625 0.017964 0.033419
5 0.937981 0.881748 0.019675 0.033419
0 0.951240 0.837404 0.034217 0.052699
6 0.910180 0.836118 0.027374 0.021851
3 0.899059 0.746144 0.025663 0.019280
3 0.899914 0.671594 0.025663 0.019280
3 0.831908 0.564910 0.014542 0.034704
3 0.776732 0.656170 0.015398 0.034704
3 0.555175 0.672879 0.015398 0.034704
3 0.721985 0.836118 0.013687 0.037275
3 0.588537 0.834833 0.015398 0.032134
3 0.455518 0.834190 0.016253 0.035990
3 0.521386 0.834833 0.014542 0.034704
3 0.399914 0.760283 0.026518 0.019280
3 0.232678 0.671594 0.013687 0.032134
3 0.309666 0.835476 0.011976 0.033419
3 0.178358 0.834833 0.014542 0.034704
3 0.111206 0.834833 0.015398 0.034704
3 0.043627 0.834190 0.013687 0.033419
3 0.411035 0.386247 0.024808 0.019280
3 0.555175 0.431234 0.013687 0.034704
3 0.233105 0.431877 0.014542 0.030848
3 0.155261 0.207584 0.016253 0.029563
3 0.254919 0.206941 0.013687 0.033419
3 0.355004 0.208226 0.013687 0.030848
3 0.488452 0.207584 0.013687 0.029563
3 0.589393 0.209512 0.015398 0.030848
3 0.688623 0.208226 0.015398 0.033419
3 0.900342 0.372751 0.024808 0.017995
3 0.899487 0.447301 0.026518 0.020566
3 0.778443 0.462725 0.013687 0.033419
6 0.077417 0.163239 0.016253 0.035990
6 0.754491 0.163882 0.013687 0.034704
7 0.788281 0.164524 0.016253 0.035990
7 0.044482 0.163239 0.017109 0.035990
7 0.278015 0.850257 0.015398 0.034704
7 0.689050 0.850900 0.014542 0.030848
5 0.689478 0.887532 0.030796 0.026992
5 0.279299 0.887532 0.028229 0.026992
6 0.245081 0.851542 0.016253 0.039846
6 0.655261 0.851542 0.017109 0.039846
7 0.911035 0.879177 0.027374 0.017995
7 0.911035 0.311697 0.027374 0.021851
6 0.911463 0.269280 0.024808 0.021851
5 0.045338 0.124679 0.025663 0.028278
4 0.044910 0.917738 0.019675 0.020566
4 0.111634 0.919023 0.017964 0.023136
4 0.178785 0.917095 0.017109 0.021851
0 0.245081 0.902314 0.036784 0.046272
4 0.311805 0.917738 0.017964 0.020566
4 0.455945 0.919666 0.018820 0.016710
4 0.521814 0.919023 0.015398 0.020566
4 0.589393 0.916452 0.017109 0.023136
4 0.722840 0.919666 0.017109 0.016710
0 0.655261 0.902314 0.034217 0.043702
0 0.949957 0.267995 0.033362 0.050129
4 0.963644 0.372751 0.014542 0.025707
4 0.964072 0.449871 0.017109 0.028278
4 0.964500 0.672879 0.014542 0.024422
4 0.964500 0.746787 0.012831 0.023136
